chr7	157019543	rs1175289227	A	G	[8 , 0 , 15 , 0]	[3 , 0 , 10 , 0]	0.9928470460591259	1.7777777777777777
chr6	29911064	rs1340286993	A	G	[0 , 0 , 23 , 0]	[0 , 1 , 963 , 0]	1.0	nan
chr3	98507562	rs573557832	C	T	[0 , 8 , 0 , 9]	[0 , 11 , 0 , 7]	0.8954397254979722	0.5656565656565656
chr3	187457564	rs1046667295	G	C	[0 , 5 , 5 , 0]	[0 , 17 , 18 , 0]	1.0	0.9444444444444444
chr3	171509742	rs7611088	G	C	[1 , 13 , 6 , 0]	[0 , 20 , 6 , 0]	0.9928470460591259	1.5384615384615385
chr3	49723174	rs535123551	A	G	[27 , 0 , 1 , 0]	[21 , 0 , 33 , 0]	3.3788195646624454e-06	42.42857142857143
chr2	187051269	rs1262595936	G	A	[6 , 0 , 4 , 0]	[19 , 0 , 12 , 0]	1.0	1.0555555555555556
chr2	47403116	rs34355730	C	T	[0 , 9 , 0 , 3]	[0 , 38 , 0 , 22]	0.8954397254979722	1.736842105263158
chr2	132266738	rs748174256	C	A	[387 , 191 , 13 , 10]	[9 , 7 , 0 , 0]	0.8730893483955822	0.6345514950166113
chr2	132268179	rs1439606154	C	T	[0 , 3 , 0 , 14]	[0 , 18 , 0 , 13]	0.06614729544148025	0.15476190476190477
chr2	135203572	rs981342817	C	G	[1 , 2 , 17 , 0]	[0 , 21 , 7 , 0]	0.00012962193088179343	0.0392156862745098
chr2	101584951	rs1465901329	A	G	[8 , 0 , 11 , 0]	[5 , 0 , 5 , 0]	0.9928470460591259	0.7272727272727273
chr1	16946562	rs1046361019	C	A	[7 , 12 , 0 , 0]	[38 , 70 , 0 , 0]	1.0	0.9306122448979591
chr1	68151685	rs1159133967	C	T	[0 , 21 , 0 , 14]	[0 , 17 , 0 , 11]	1.0	0.9705882352941176
chr1	234745009	rs1345918857	A	G	[2 , 0 , 9 , 0]	[33 , 0 , 34 , 0]	0.30897898415853803	0.22895622895622897
chr1	16974637	rs919178393	T	C	[4 , 82 , 1 , 454]	[0 , 123 , 0 , 335]	8.513688740664573e-05	2.032835820895522
chr1	11968273	rs771468055	A	G	[150 , 1 , 289 , 1]	[829 , 0 , 567 , 1]	1.2388946684394588e-18	0.35499476168811384
chr1	45196754	rs573923686	A	G	[53 , 0 , 0 , 0]	[456 , 0 , 332 , 0]	3.059873751583501e-11	inf
chr1	149294669	rs1341499418	C	T	[0 , 4 , 0 , 7]	[0 , 64 , 0 , 7]	0.0013957724971798828	0.0625
chr21	9942240	rs1382198143	C	T	[0 , 11 , 0 , 0]	[0 , 31 , 0 , 9]	0.4929510917817758	inf
chr21	9826733	rs1280851735	A	G	[941 , 5 , 170 , 8]	[24 , 0 , 9 , 0]	0.2960133680983763	2.075735294117647
chr9	96065587	rs1168528310	G	T	[0 , 0 , 5 , 8]	[0 , 0 , 10 , 2]	0.18287342396912964	0.125
chr12	125399068	rs1175629133	C	T	[0 , 6 , 0 , 8]	[0 , 19 , 0 , 14]	0.8954397254979722	0.5526315789473685
chr12	26763716	rs181031108	G	A	[6 , 0 , 4 , 0]	[6 , 0 , 9 , 0]	0.8730893483955822	0.4444444444444444
chr11	129939826	rs1383651505	C	T	[0 , 12 , 0 , 12]	[0 , 293 , 0 , 312]	1.0	1.0648464163822526
chr11	2695221	rs912780038	G	C	[0 , 24 , 7 , 0]	[0 , 63 , 67 , 0]	0.027045930664084384	0.27425373134328357
chr10	105407790	rs1253479852	C	T	[0 , 8 , 0 , 7]	[0 , 12 , 0 , 9]	1.0	0.8571428571428571
chr17	30696292	rs998438291	C	T	[1 , 12 , 0 , 5]	[0 , 22 , 0 , 27]	0.30780972408160334	2.9454545454545453
chr17	7310822	rs952414537	T	C	[2 , 5 , 0 , 14]	[0 , 4 , 0 , 7]	0.9928470460591259	1.6
chr17	76187474	rs1465406816	C	T	[0 , 7 , 0 , 6]	[0 , 42 , 0 , 18]	0.7330891340004211	0.5
chr17	41437951	rs1373591715	G	C	[0 , 5 , 5 , 0]	[0 , 24 , 85 , 0]	0.2542211951092204	0.2823529411764706
chr16	456483	rs987181966	T	C	[0 , 8 , 0 , 4]	[0 , 17 , 0 , 18]	0.7330891340004211	0.4722222222222222
chr16	2168293	rs1397705168	C	A	[0 , 33 , 0 , 0]	[16 , 71 , 0 , 0]	0.0295691005597802	inf
chr16	89875259	rs533754522	T	C	[0 , 5 , 0 , 13]	[0 , 12 , 0 , 28]	1.0	1.1142857142857143
chr16	2162887	rs1358695752	A	G	[10 , 0 , 4 , 0]	[22 , 0 , 26 , 0]	0.3846905603908117	2.9545454545454546
chr16	584232	rs1348272011	A	G	[5 , 0 , 5 , 0]	[18 , 0 , 7 , 0]	0.6390925923781541	0.3888888888888889
chr16	1819433	rs573013703	G	A	[7 , 0 , 5 , 0]	[28 , 0 , 32 , 0]	0.8954397254979722	0.625
chr16	88803982	rs1221564127	C	G	[0 , 8 , 8 , 0]	[0 , 87 , 43 , 0]	0.6390925923781541	0.4942528735632184
chr16	52579986	rs1226568312	A	G	[8 , 1 , 5 , 0]	[9 , 0 , 3 , 0]	0.9928470460591259	0.5333333333333333
chr16	28875482	rs1025330958	A	G	[31 , 0 , 17 , 1]	[27 , 0 , 12 , 0]	1.0	0.8104575163398693
chr15	75651040	rs1324029785	T	C	[0 , 179 , 1 , 22]	[0 , 3 , 0 , 10]	3.995889487369474e-06	0.03687150837988827
chr15	67374602	rs1025518251	G	C	[1 , 4 , 7 , 0]	[0 , 10 , 9 , 0]	0.8954397254979722	1.9444444444444444
chr14	39743030	rs890814944	G	A	[5 , 0 , 8 , 0]	[81 , 0 , 41 , 0]	0.25426862665345557	3.1609756097560977
chr20	61847056	rs1350676320	C	T	[0 , 42 , 0 , 7]	[0 , 7 , 0 , 16]	6.134823365896086e-05	13.714285714285714
chr20	25276297	rs1341247244	G	A	[5 , 0 , 5 , 0]	[375 , 0 , 280 , 0]	0.9928470460591259	1.3392857142857142
chr20	61587698	rs1243823687	C	T	[0 , 14 , 0 , 7]	[0 , 16 , 0 , 10]	0.9928470460591259	1.25
chr19	54970369	rs1477351440	G	C	[0 , 24 , 40 , 1]	[0 , 26 , 37 , 0]	0.9928470460591259	1.1711711711711712
chr19	990819	rs2240149	G	A	[28 , 0 , 29 , 0]	[9 , 0 , 9 , 0]	1.0	1.0357142857142858
chr19	5692068	rs1332831811	G	A	[4 , 0 , 6 , 0]	[211 , 0 , 205 , 0]	0.8954397254979722	1.5439024390243903
chr19	50363175	rs1271790629	A	G	[7 , 0 , 6 , 0]	[10 , 0 , 13 , 0]	0.9928470460591259	1.5166666666666666
chr19	11033548	rs753416197	G	A	[5 , 0 , 6 , 0]	[86 , 0 , 89 , 0]	1.0	1.1595505617977528
chr19	39936502	rs527923059	G	A	[5 , 0 , 13 , 0]	[57 , 0 , 71 , 0]	0.5579531119166032	2.0873239436619717
chr18	77728045	rs1431987938	C	T	[0 , 8 , 0 , 15]	[0 , 17 , 0 , 39]	0.9989965869270957	1.223529411764706
