chr7	157019543	var_34	A	G	[8 , 0 , 15 , 0]	[3 , 0 , 10 , 0]	0.9351520312833186	1.7777777777777777
chr7	29979077	var_32	T	C	[0 , 0 , 0 , 12]	[0 , 3 , 0 , 13]	0.5984555984555989	inf
chr7	73026453	var_33	T	C	[1 , 2 , 2 , 14]	[0 , 7 , 0 , 40]	1.0	1.225
chr6	29911064	var_30	A	G	[0 , 0 , 23 , 0]	[0 , 1 , 963 , 0]	1.0	nan
chr6	116573667	var_31	G	A	[19 , 0 , 40 , 1]	[50 , 0 , 85 , 0]	0.9132643188854488	1.238390092879257
chr4	774115	var_29	T	C	[0 , 0 , 0 , 10]	[0 , 6 , 0 , 62]	1.0	inf
chr3	52567617	var_25	A	G	[43 , 0 , 6 , 2]	[99 , 0 , 115 , 0]	1.8042807085988967e-06	8.324915824915825
chr3	98507562	var_26	C	T	[0 , 8 , 0 , 9]	[0 , 11 , 0 , 7]	0.8399489505877087	0.5656565656565656
chr3	187457564	var_28	G	C	[0 , 5 , 5 , 0]	[0 , 17 , 18 , 0]	1.0	0.9444444444444444
chr3	171509742	var_27	G	C	[1 , 13 , 6 , 0]	[0 , 20 , 6 , 0]	0.9351520312833186	1.5384615384615385
chr3	49723174	var_24	A	G	[27 , 0 , 1 , 0]	[21 , 0 , 33 , 0]	4.4466540497208595e-06	42.42857142857143
chr2	187051269	var_22	G	A	[6 , 0 , 4 , 0]	[19 , 0 , 12 , 0]	1.0	1.0555555555555556
chr2	47403116	var_16	C	T	[0 , 9 , 0 , 3]	[0 , 38 , 0 , 22]	0.8399489505877087	1.736842105263158
chr2	132266738	var_19	C	A	[387 , 191 , 13 , 10]	[9 , 7 , 0 , 0]	0.783244680851063	0.6345514950166113
chr2	132268179	var_20	C	T	[0 , 3 , 0 , 14]	[0 , 18 , 0 , 13]	0.09119768630274164	0.15476190476190477
chr2	135203572	var_21	C	G	[1 , 2 , 17 , 0]	[0 , 21 , 7 , 0]	0.00019901857783973472	0.0392156862745098
chr2	101584951	var_18	A	G	[8 , 0 , 11 , 0]	[5 , 0 , 5 , 0]	0.9351520312833186	0.7272727272727273
chr2	242190490	var_23	T	C	[1 , 3 , 0 , 9]	[0 , 5 , 0 , 46]	0.5268511099154234	0.32608695652173914
chr2	71606909	var_17	A	G	[91 , 0 , 0 , 1]	[12 , 0 , 3 , 0]	0.019939965694682673	inf
chr1	207942336	var_14	A	G	[27 , 0 , 2 , 1]	[107 , 0 , 18 , 0]	0.7162353630640056	2.2710280373831777
chr1	16946562	var_5	C	A	[7 , 12 , 0 , 0]	[38 , 70 , 0 , 0]	1.0	0.9306122448979591
chr1	68151685	var_12	C	T	[0 , 21 , 0 , 14]	[0 , 17 , 0 , 11]	1.0	0.9705882352941176
chr1	234745009	var_15	A	G	[2 , 0 , 9 , 0]	[33 , 0 , 34 , 0]	0.36867605581482915	0.22895622895622897
chr1	31448296	var_8	T	C	[0 , 0 , 0 , 10]	[0 , 2 , 0 , 15]	0.8399489505877087	inf
chr1	16974637	var_6	T	C	[4 , 82 , 1 , 454]	[0 , 123 , 0 , 335]	0.00012804955033128928	2.032835820895522
chr1	19536366	var_7	A	C	[5 , 6 , 0 , 0]	[32 , 20 , 0 , 0]	0.6701924824572124	0.5208333333333334
chr1	1241903	var_1	C	G	[0 , 11 , 11 , 0]	[0 , 4 , 9 , 0]	0.6594893300103177	2.25
chr1	53378096	var_11	T	C	[0 , 0 , 0 , 17]	[0 , 3 , 0 , 21]	0.5992406047299544	inf
chr1	11968273	var_4	A	G	[150 , 1 , 289 , 1]	[829 , 0 , 567 , 1]	2.1739095125447107e-18	0.35499476168811384
chr1	45196754	var_10	A	G	[53 , 0 , 0 , 0]	[456 , 0 , 332 , 0]	5.369212432023879e-11	inf
chr1	3369753	var_3	G	A	[2 , 0 , 8 , 0]	[4 , 0 , 6 , 0]	0.9132643188854488	2.6666666666666665
chr1	149294669	var_13	C	T	[0 , 4 , 0 , 7]	[0 , 64 , 0 , 7]	0.0019593485620789295	0.0625
chr21	9942240	var_98	C	T	[0 , 11 , 0 , 0]	[0 , 31 , 0 , 9]	0.530154947765306	inf
chr21	45222512	var_99	C	T	[0 , 3 , 0 , 7]	[0 , 11 , 0 , 11]	0.7977669818936661	0.42857142857142855
chr21	9826733	var_96	A	G	[941 , 5 , 170 , 8]	[24 , 0 , 9 , 0]	0.3655048842034376	2.075735294117647
chr21	9832350	var_97	A	T	[20 , 1 , 0 , 9]	[46 , 0 , 0 , 8]	0.3655048842034376	0.3864734299516908
chr9	96065587	var_38	G	T	[0 , 0 , 5 , 8]	[0 , 0 , 10 , 2]	0.22651136642569222	0.125
chr9	71346717	var_37	A	G	[3 , 0 , 8 , 0]	[11 , 0 , 3 , 0]	0.10653946246690874	0.10227272727272728
chr8	145641564	var_36	T	G	[0 , 0 , 4 , 7]	[0 , 0 , 65 , 71]	0.8399489505877087	1.602112676056338
chr12	125399068	var_48	C	T	[0 , 6 , 0 , 8]	[0 , 19 , 0 , 14]	0.8399489505877087	0.5526315789473685
chr12	26763716	var_45	G	A	[6 , 0 , 4 , 0]	[6 , 0 , 9 , 0]	0.783244680851063	0.4444444444444444
chr12	125267902	var_47	T	C	[0 , 1 , 0 , 10]	[0 , 3 , 0 , 18]	1.0	1.6666666666666667
chr12	120637199	var_46	G	A	[7 , 0 , 9 , 0]	[3271 , 1 , 4704 , 0]	0.9728752434624373	0.8940415451895044
chr11	129939826	var_44	C	T	[0 , 12 , 0 , 12]	[0 , 293 , 0 , 312]	1.0	1.0648464163822526
chr11	65210090	var_42	A	G	[151 , 0 , 14 , 0]	[147 , 0 , 21 , 0]	0.6296239416752036	1.5408163265306123
chr11	65383755	var_43	G	T	[0 , 0 , 20 , 21]	[0 , 0 , 18 , 25]	0.9351520312833186	1.3227513227513228
chr11	2695221	var_41	G	C	[0 , 24 , 7 , 0]	[0 , 63 , 67 , 0]	0.03559346535509218	0.27425373134328357
chr10	101556205	var_39	A	G	[13 , 0 , 0 , 1]	[159 , 0 , 18 , 0]	0.9132643188854488	inf
chr10	105407790	var_40	C	T	[0 , 8 , 0 , 7]	[0 , 12 , 0 , 9]	1.0	0.8571428571428571
chr17	77083619	var_82	T	C	[0 , 4 , 0 , 13]	[0 , 9 , 0 , 11]	0.6494641966975568	2.659090909090909
chr17	30696292	var_76	C	T	[1 , 12 , 0 , 5]	[0 , 22 , 0 , 27]	0.3655048842034376	2.9454545454545453
chr17	7310822	var_74	T	C	[2 , 5 , 0 , 14]	[0 , 4 , 0 , 7]	0.9351520312833186	1.6
chr17	76187474	var_80	C	T	[0 , 7 , 0 , 6]	[0 , 42 , 0 , 18]	0.6701924824572124	0.5
chr17	14306738	var_75	A	G	[14 , 0 , 1 , 0]	[20 , 0 , 3 , 0]	1.0	2.1
chr17	1652505	var_73	A	G	[9 , 0 , 1 , 0]	[74 , 0 , 19 , 0]	0.9351520312833186	2.310810810810811
chr17	41381722	var_77	A	G	[10 , 0 , 0 , 0]	[22 , 0 , 6 , 0]	0.5268511099154234	inf
chr17	41437951	var_78	G	C	[0 , 5 , 5 , 0]	[0 , 24 , 85 , 0]	0.31347574750003493	0.2823529411764706
chr16	456483	var_59	T	C	[0 , 8 , 0 , 4]	[0 , 17 , 0 , 18]	0.6701924824572124	0.4722222222222222
chr16	2168293	var_63	C	A	[0 , 33 , 0 , 0]	[16 , 71 , 0 , 0]	0.03991184836080637	inf
chr16	89875259	var_72	T	C	[0 , 5 , 0 , 13]	[0 , 12 , 0 , 28]	1.0	1.1142857142857143
chr16	2162887	var_62	A	G	[10 , 0 , 4 , 0]	[22 , 0 , 26 , 0]	0.43394339494219586	2.9545454545454546
chr16	584232	var_60	A	G	[5 , 0 , 5 , 0]	[18 , 0 , 7 , 0]	0.5992406047299544	0.3888888888888889
chr16	1819433	var_61	G	A	[7 , 0 , 5 , 0]	[28 , 0 , 32 , 0]	0.8399489505877087	0.625
chr16	88803982	var_70	C	G	[0 , 8 , 8 , 0]	[0 , 87 , 43 , 0]	0.6017411155111382	0.4942528735632184
chr16	50657032	var_68	A	G	[30 , 0 , 13 , 0]	[22 , 0 , 45 , 0]	0.0019593485620789295	4.72027972027972
chr16	52579986	var_69	A	G	[8 , 1 , 5 , 0]	[9 , 0 , 3 , 0]	0.9351520312833186	0.5333333333333333
chr16	89471829	var_71	T	C	[0 , 0 , 0 , 14]	[0 , 2 , 0 , 10]	0.5396043956043958	inf
chr16	50614391	var_67	A	G	[24 , 0 , 3 , 0]	[22 , 0 , 8 , 0]	0.5396043956043958	2.909090909090909
chr16	28875482	var_64	A	G	[31 , 0 , 17 , 1]	[27 , 0 , 12 , 0]	0.9769891988205187	0.8104575163398693
chr16	50570811	var_66	A	G	[75 , 0 , 5 , 0]	[9 , 0 , 2 , 0]	0.5396043956043958	3.3333333333333335
chr16	48388383	var_65	A	G	[11 , 0 , 0 , 0]	[97 , 0 , 10 , 0]	0.9075905861282776	inf
chr15	25209000	var_55	A	G	[11 , 0 , 0 , 0]	[45 , 0 , 10 , 0]	0.5396043956043958	inf
chr15	75651040	var_58	T	C	[0 , 179 , 1 , 22]	[0 , 3 , 0 , 10]	5.6093241105714874e-06	0.03687150837988827
chr15	67374602	var_57	G	C	[1 , 4 , 7 , 0]	[0 , 10 , 9 , 0]	0.8184002338453407	1.9444444444444444
chr15	49521710	var_56	C	G	[0 , 6 , 11 , 2]	[0 , 7 , 4 , 0]	0.5992406047299544	0.3116883116883117
chr14	21720608	var_50	T	C	[0 , 0 , 0 , 28]	[0 , 11 , 0 , 98]	0.4147347891316791	inf
chr14	39741380	var_52	A	G	[10 , 0 , 0 , 0]	[24 , 0 , 11 , 0]	0.3655048842034376	inf
chr14	39743030	var_54	G	A	[5 , 0 , 8 , 0]	[81 , 0 , 41 , 0]	0.31347574750003493	3.1609756097560977
chr14	39741886	var_53	A	G	[25 , 0 , 1 , 0]	[51 , 0 , 18 , 0]	0.11249696238304148	8.823529411764707
chr20	61847056	var_95	C	T	[0 , 42 , 0 , 7]	[0 , 7 , 0 , 16]	8.970732280319749e-05	13.714285714285714
chr20	25276297	var_92	G	A	[5 , 0 , 5 , 0]	[375 , 0 , 280 , 0]	0.9445392997845465	1.3392857142857142
chr20	61587698	var_94	C	T	[0 , 14 , 0 , 7]	[0 , 16 , 0 , 10]	0.9523838456914333	1.25
chr20	397590	var_91	A	G	[9 , 0 , 1 , 0]	[46 , 0 , 10 , 0]	1.0	1.9565217391304348
chr20	34217719	var_93	T	C	[0 , 2 , 0 , 14]	[0 , 21 , 0 , 31]	0.31347574750003493	4.741935483870968
chr19	54970369	var_90	G	C	[0 , 24 , 40 , 1]	[0 , 26 , 37 , 0]	0.9351520312833186	1.1711711711711712
chr19	990819	var_84	G	A	[28 , 0 , 29 , 0]	[9 , 0 , 9 , 0]	1.0	1.0357142857142858
chr19	5692068	var_85	G	A	[4 , 0 , 6 , 0]	[211 , 0 , 205 , 0]	0.8399489505877087	1.5439024390243903
chr19	50363175	var_89	A	G	[7 , 0 , 6 , 0]	[10 , 0 , 13 , 0]	0.9351520312833186	1.5166666666666666
chr19	11033548	var_86	G	A	[5 , 0 , 6 , 0]	[86 , 0 , 89 , 0]	1.0	1.1595505617977528
chr19	18477901	var_87	A	G	[12 , 0 , 4 , 0]	[113 , 0 , 14 , 0]	0.4147347891316791	0.37168141592920356
chr19	39936502	var_88	G	A	[5 , 0 , 13 , 0]	[57 , 0 , 71 , 0]	0.5439165556419717	2.0873239436619717
chr18	77728045	var_83	C	T	[0 , 8 , 0 , 15]	[0 , 17 , 0 , 39]	0.9687389941750834	1.223529411764706
chrX	73495304	var_100	T	C	[2 , 2 , 0 , 21]	[0 , 5 , 0 , 22]	0.783244680851063	2.3863636363636362
