chr7	157019543	rs1175289227	A	G	[8 , 0 , 15 , 0]	[3 , 0 , 10 , 0]	0.9554224371500162	1.7777777777777777
chr7	29979077	re14	T	C	[0 , 0 , 0 , 12]	[0 , 3 , 0 , 13]	0.5578231292517011	inf
chr7	73026453	re2	T	C	[1 , 2 , 2 , 14]	[0 , 7 , 0 , 40]	1.0	1.225
chr6	29911064	rs1340286993	A	G	[0 , 0 , 23 , 0]	[0 , 1 , 963 , 0]	1.0	nan
chr4	774115	re4	T	C	[0 , 0 , 0 , 10]	[0 , 6 , 0 , 62]	1.0	inf
chr3	98507562	rs573557832	C	T	[0 , 8 , 0 , 9]	[0 , 11 , 0 , 7]	0.8364663010703735	0.5656565656565656
chr3	187457564	rs1046667295	G	C	[0 , 5 , 5 , 0]	[0 , 17 , 18 , 0]	1.0	0.9444444444444444
chr3	171509742	rs7611088	G	C	[1 , 13 , 6 , 0]	[0 , 20 , 6 , 0]	0.9554224371500162	1.5384615384615385
chr3	49723174	rs535123551	A	G	[27 , 0 , 1 , 0]	[21 , 0 , 33 , 0]	5.227607628345671e-06	42.42857142857143
chr2	187051269	rs1262595936	G	A	[6 , 0 , 4 , 0]	[19 , 0 , 12 , 0]	1.0	1.0555555555555556
chr2	47403116	rs34355730	C	T	[0 , 9 , 0 , 3]	[0 , 38 , 0 , 22]	0.8364663010703735	1.736842105263158
chr2	132266738	rs748174256	C	A	[387 , 191 , 13 , 10]	[9 , 7 , 0 , 0]	0.7656683626271961	0.6345514950166113
chr2	132268179	rs1439606154	C	T	[0 , 3 , 0 , 14]	[0 , 18 , 0 , 13]	0.0865963142064081	0.15476190476190477
chr2	135203572	rs981342817	C	G	[1 , 2 , 17 , 0]	[0 , 21 , 7 , 0]	0.00020054713834541623	0.0392156862745098
chr2	101584951	rs1465901329	A	G	[8 , 0 , 11 , 0]	[5 , 0 , 5 , 0]	0.9554224371500162	0.7272727272727273
chr2	242190490	re23	T	C	[1 , 3 , 0 , 9]	[0 , 5 , 0 , 46]	0.49771648632563037	0.32608695652173914
chr2	71606909	re0	A	G	[91 , 0 , 0 , 1]	[12 , 0 , 3 , 0]	0.019339622641509433	inf
chr1	207942336	re20	A	G	[27 , 0 , 2 , 1]	[107 , 0 , 18 , 0]	0.7049518352137849	2.2710280373831777
chr1	16946562	rs1046361019	C	A	[7 , 12 , 0 , 0]	[38 , 70 , 0 , 0]	1.0	0.9306122448979591
chr1	68151685	rs1159133967	C	T	[0 , 21 , 0 , 14]	[0 , 17 , 0 , 11]	1.0	0.9705882352941176
chr1	234745009	rs1345918857	A	G	[2 , 0 , 9 , 0]	[33 , 0 , 34 , 0]	0.35333609837325836	0.22895622895622897
chr1	31448296	re21	T	C	[0 , 0 , 0 , 10]	[0 , 2 , 0 , 15]	0.8364663010703735	inf
chr1	16974637	rs919178393	T	C	[4 , 82 , 1 , 454]	[0 , 123 , 0 , 335]	0.00013172122202537645	2.032835820895522
chr1	19536366	re30	A	C	[5 , 6 , 0 , 0]	[32 , 20 , 0 , 0]	0.6612703091116479	0.5208333333333334
chr1	53378096	re13	T	C	[0 , 0 , 0 , 17]	[0 , 3 , 0 , 21]	0.5712029013409621	inf
chr1	11968273	rs771468055	A	G	[150 , 1 , 289 , 1]	[829 , 0 , 567 , 1]	1.9167804304157663e-18	0.35499476168811384
chr1	45196754	rs573923686	A	G	[53 , 0 , 0 , 0]	[456 , 0 , 332 , 0]	4.734144294902775e-11	inf
chr1	149294669	rs1341499418	C	T	[0 , 4 , 0 , 7]	[0 , 64 , 0 , 7]	0.0019195529520964424	0.0625
chr21	9942240	rs1382198143	C	T	[0 , 11 , 0 , 0]	[0 , 31 , 0 , 9]	0.49968627260638043	inf
chr21	9826733	rs1280851735	A	G	[941 , 5 , 170 , 8]	[24 , 0 , 9 , 0]	0.35157068040682554	2.075735294117647
chr21	9832350	re29	A	T	[20 , 1 , 0 , 9]	[46 , 0 , 0 , 8]	0.35157068040682554	0.3864734299516908
chr9	96065587	rs1168528310	G	T	[0 , 0 , 5 , 8]	[0 , 0 , 10 , 2]	0.22634899268631897	0.125
chr12	125399068	rs1175629133	C	T	[0 , 6 , 0 , 8]	[0 , 19 , 0 , 14]	0.8364663010703735	0.5526315789473685
chr12	26763716	rs181031108	G	A	[6 , 0 , 4 , 0]	[6 , 0 , 9 , 0]	0.7656683626271961	0.4444444444444444
chr12	125267902	re25	T	C	[0 , 1 , 0 , 10]	[0 , 3 , 0 , 18]	1.0	1.6666666666666667
chr11	129939826	rs1383651505	C	T	[0 , 12 , 0 , 12]	[0 , 293 , 0 , 312]	1.0	1.0648464163822526
chr11	65210090	re18	A	G	[151 , 0 , 14 , 0]	[147 , 0 , 21 , 0]	0.5978563151721537	1.5408163265306123
chr11	2695221	rs912780038	G	C	[0 , 24 , 7 , 0]	[0 , 63 , 67 , 0]	0.03423652972571917	0.27425373134328357
chr10	101556205	re17	A	G	[13 , 0 , 0 , 1]	[159 , 0 , 18 , 0]	0.9193602028002624	inf
chr10	105407790	rs1253479852	C	T	[0 , 8 , 0 , 7]	[0 , 12 , 0 , 9]	1.0	0.8571428571428571
chr17	30696292	rs998438291	C	T	[1 , 12 , 0 , 5]	[0 , 22 , 0 , 27]	0.35157068040682554	2.9454545454545453
chr17	7310822	rs952414537	T	C	[2 , 5 , 0 , 14]	[0 , 4 , 0 , 7]	0.9554224371500162	1.6
chr17	76187474	rs1465406816	C	T	[0 , 7 , 0 , 6]	[0 , 42 , 0 , 18]	0.6612703091116479	0.5
chr17	14306738	re28	A	G	[14 , 0 , 1 , 0]	[20 , 0 , 3 , 0]	1.0	2.1
chr17	1652505	re11	A	G	[9 , 0 , 1 , 0]	[74 , 0 , 19 , 0]	0.9554224371500162	2.310810810810811
chr17	41381722	re26	A	G	[10 , 0 , 0 , 0]	[22 , 0 , 6 , 0]	0.49771648632563037	inf
chr17	41437951	rs1373591715	G	C	[0 , 5 , 5 , 0]	[0 , 24 , 85 , 0]	0.30710885657112147	0.2823529411764706
chr16	456483	rs987181966	T	C	[0 , 8 , 0 , 4]	[0 , 17 , 0 , 18]	0.6612703091116479	0.4722222222222222
chr16	2168293	rs1397705168	C	A	[0 , 33 , 0 , 0]	[16 , 71 , 0 , 0]	0.0381236831116663	inf
chr16	89875259	rs533754522	T	C	[0 , 5 , 0 , 13]	[0 , 12 , 0 , 28]	1.0	1.1142857142857143
chr16	2162887	rs1358695752	A	G	[10 , 0 , 4 , 0]	[22 , 0 , 26 , 0]	0.4120488150485036	2.9545454545454546
chr16	584232	rs1348272011	A	G	[5 , 0 , 5 , 0]	[18 , 0 , 7 , 0]	0.5712029013409621	0.3888888888888889
chr16	1819433	rs573013703	G	A	[7 , 0 , 5 , 0]	[28 , 0 , 32 , 0]	0.8364663010703735	0.625
chr16	88803982	rs1221564127	C	G	[0 , 8 , 8 , 0]	[0 , 87 , 43 , 0]	0.5724543379593793	0.4942528735632184
chr16	50657032	re1	A	G	[30 , 0 , 13 , 0]	[22 , 0 , 45 , 0]	0.0019195529520964424	4.72027972027972
chr16	52579986	rs1226568312	A	G	[8 , 1 , 5 , 0]	[9 , 0 , 3 , 0]	0.9554224371500162	0.5333333333333333
chr16	89471829	re16	T	C	[0 , 0 , 0 , 14]	[0 , 2 , 0 , 10]	0.5046153846153847	inf
chr16	50614391	re31	A	G	[24 , 0 , 3 , 0]	[22 , 0 , 8 , 0]	0.5046153846153847	2.909090909090909
chr16	28875482	rs1025330958	A	G	[31 , 0 , 17 , 1]	[27 , 0 , 12 , 0]	1.0	0.8104575163398693
chr16	50570811	re27	A	G	[75 , 0 , 5 , 0]	[9 , 0 , 2 , 0]	0.5046153846153847	3.3333333333333335
chr16	48388383	re8	A	G	[11 , 0 , 0 , 0]	[97 , 0 , 10 , 0]	0.9039761274021593	inf
chr15	25209000	re12	A	G	[11 , 0 , 0 , 0]	[45 , 0 , 10 , 0]	0.5046153846153847	inf
chr15	75651040	rs1324029785	T	C	[0 , 179 , 1 , 22]	[0 , 3 , 0 , 10]	6.182319584232016e-06	0.03687150837988827
chr15	67374602	rs1025518251	G	C	[1 , 4 , 7 , 0]	[0 , 10 , 9 , 0]	0.8137193814440291	1.9444444444444444
chr14	21720608	re9	T	C	[0 , 0 , 0 , 28]	[0 , 11 , 0 , 98]	0.3949345475860377	inf
chr14	39741380	re19	A	G	[10 , 0 , 0 , 0]	[24 , 0 , 11 , 0]	0.35157068040682554	inf
chr14	39743030	rs890814944	G	A	[5 , 0 , 8 , 0]	[81 , 0 , 41 , 0]	0.30710885657112147	3.1609756097560977
chr14	39741886	re3	A	G	[25 , 0 , 1 , 0]	[51 , 0 , 18 , 0]	0.11336099435218926	8.823529411764707
chr20	61847056	rs1350676320	C	T	[0 , 42 , 0 , 7]	[0 , 7 , 0 , 16]	9.491613509499605e-05	13.714285714285714
chr20	25276297	rs1341247244	G	A	[5 , 0 , 5 , 0]	[375 , 0 , 280 , 0]	0.9629476597937883	1.3392857142857142
chr20	61587698	rs1243823687	C	T	[0 , 14 , 0 , 7]	[0 , 16 , 0 , 10]	0.968926493135205	1.25
chr20	397590	re22	A	G	[9 , 0 , 1 , 0]	[46 , 0 , 10 , 0]	1.0	1.9565217391304348
chr20	34217719	re15	T	C	[0 , 2 , 0 , 14]	[0 , 21 , 0 , 31]	0.30710885657112147	4.741935483870968
chr19	54970369	rs1477351440	G	C	[0 , 24 , 40 , 1]	[0 , 26 , 37 , 0]	0.9554224371500162	1.1711711711711712
chr19	990819	rs2240149	G	A	[28 , 0 , 29 , 0]	[9 , 0 , 9 , 0]	1.0	1.0357142857142858
chr19	5692068	rs1332831811	G	A	[4 , 0 , 6 , 0]	[211 , 0 , 205 , 0]	0.8364663010703735	1.5439024390243903
chr19	50363175	rs1271790629	A	G	[7 , 0 , 6 , 0]	[10 , 0 , 13 , 0]	0.9554224371500162	1.5166666666666666
chr19	11033548	rs753416197	G	A	[5 , 0 , 6 , 0]	[86 , 0 , 89 , 0]	1.0	1.1595505617977528
chr19	18477901	re24	A	G	[12 , 0 , 4 , 0]	[113 , 0 , 14 , 0]	0.3949345475860377	0.37168141592920356
chr19	39936502	rs527923059	G	A	[5 , 0 , 13 , 0]	[57 , 0 , 71 , 0]	0.5077930652293171	2.0873239436619717
chr18	77728045	rs1431987938	C	T	[0 , 8 , 0 , 15]	[0 , 17 , 0 , 39]	0.9835746842129552	1.223529411764706
chrX	73495304	re7	T	C	[2 , 2 , 0 , 21]	[0 , 5 , 0 , 22]	0.7656683626271961	2.3863636363636362
